0.656
4, 0, 1795044265
0, 4, 2175552743
0, 4, 2061680723
0, 4, 1469174690
0, 4, 1972113488
0, 4, 2014135842
0, 4, 2049461606
0, 4, 2067549669
0, 4, 1832636113
0, 4, 2187665340
4, 0, 1995335542
0, 4, 2052989558
0, 4, 1880486592
4, 0, 1984393203
4, 0, 2065913470
4, 0, 1969594766
4, 0, 2067445015
0, 4, 1795959733
0, 4, 2186814910
4, 0, 1977641795
0, 4, 2193155115
0, 4, 2015449991
0, 4, 1564855353
4, 0, 1977165281
0, 4, 2179106755
0, 4, 1978067922
4, 0, 2016911165
0, 4, 2052119660
0, 4, 1793706336
4, 0, 1752124791
0, 4, 1685218362
0, 4, 1880458216
4, 0, 2012557382
0, 4, 1971843248
4, 0, 2225758631
0, 4, 1678492947
0, 4, 2065477057
0, 4, 1793986860
4, 0, 2176477147
0, 4, 1979683045
0, 4, 2060187656
4, 0, 2300885132
4, 0, 2054590838
4, 0, 1969494477
0, 4, 1989841960
0, 4, 2017194237
0, 4, 2002524431
0, 4, 2060293142
4, 0, 1969718774
0, 4, 2006532087
0, 4, 2002833024
4, 0, 2174728297
0, 4, 1968135638
4, 0, 2054199041
0, 4, 1988726701
4, 0, 2175494955
4, 0, 1822900344
4, 0, 2190825460
0, 4, 2051317114
0, 4, 2065281189
0, 4, 2000400499
4, 0, 2227142167
4, 0, 1966550460
4, 0, 2184423890
4, 0, 1985820444
0, 4, 2014009354
4, 0, 1557562479
0, 4, 2062361546
0, 4, 1558792776
4, 0, 1833566597
0, 4, 1965620313
0, 4, 2176838725
4, 0, 2055322852
4, 0, 1753431870
4, 0, 1760174764
0, 4, 2057958274
4, 0, 1550838931
4, 0, 1969464607
0, 4, 2055998732
0, 4, 1956421114
0, 4, 1827648079
0, 4, 2000671213
0, 4, 1564089971
0, 4, 1994316027
0, 4, 2002443505
0, 4, 1990447518
0, 4, 1554016844
0, 4, 2058930753
4, 0, 2058896186
0, 4, 1995940365
0, 4, 2054921288
4, 0, 2070183042
0, 4, 1834576435
0, 4, 2057819813
0, 4, 2062399417
0, 4, 2189605228
0, 4, 2048223166
0, 4, 1825046714
0, 4, 1551242276
0, 4, 2071914271
4, 0, 2326818280
0, 4, 1828040051
0, 4, 1981029899
0, 4, 1974741993
4, 0, 1957497862
4, 0, 2061803402
0, 4, 1693147538
0, 4, 1988770562
4, 0, 1981343052
4, 0, 2226215344
4, 0, 1978805659
4, 0, 2230582898
4, 0, 1989568749
4, 0, 2205623807
4, 0, 2061891319
4, 0, 1980493294
4, 0, 2252940766
0, 4, 2179554578
4, 0, 2060423355
0, 4, 1995446739
4, 0, 1994208601
4, 0, 2282997781
4, 0, 1880538473
4, 0, 2205416032
0, 4, 2175159397
4, 0, 2197414287
0, 4, 1824621390
0, 4, 2058829297
0, 4, 1995041705
4, 0, 1979678900
4, 0, 1965290304
4, 0, 2202694750
0, 4, 1979295924
4, 0, 1693533074
0, 4, 2180849131
0, 4, 1977704286
4, 0, 2013410894
0, 4, 2009186598
0, 4, 2188820943
0, 4, 1572913626
4, 0, 1752443716
4, 0, 1994215898
4, 0, 2238009248
0, 4, 1555729487
0, 4, 1573477883
0, 4, 1957241010
4, 0, 2193249124
0, 4, 1993665707
0, 4, 1753415392
4, 0, 1824384763
0, 4, 2060924768
0, 4, 2059068356
4, 0, 1880102032
0, 4, 2180750301
4, 0, 2260205492
0, 4, 1995128672
4, 0, 2018322681
0, 4, 1970521949
4, 0, 1834956316
0, 4, 2014055084
4, 0, 2179395568
0, 4, 1982049837
0, 4, 1980254470
0, 4, 2188130061
4, 0, 2245909947
0, 4, 1979350277
0, 4, 2070346506
4, 0, 2218737777
4, 0, 2185353107
4, 0, 1677370967
0, 4, 1977352355
0, 4, 1967455796
4, 0, 1965996982
4, 0, 1983718062
0, 4, 1558479420
0, 4, 2003317043
0, 4, 1880580631
0, 4, 1882797844
0, 4, 1468268968
4, 0, 2217793754
0, 4, 1996420073
0, 4, 1995721580
4, 0, 2190398568
0, 4, 1676760032
0, 4, 1836456373
4, 0, 1975655102
4, 0, 2247445403
0, 4, 1992316009
4, 0, 1881551900
4, 0, 1985287729
0, 4, 2017485812
0, 4, 2052831580
4, 0, 2323036659
0, 4, 1964545474
0, 4, 2018686618
4, 0, 1992975233
4, 0, 2188228673
0, 4, 2176766049
0, 4, 1573718285
4, 0, 2299667383
0, 4, 1754790896
0, 4, 1825559196
0, 4, 1468407171
0, 4, 2191805187
0, 4, 1795363659
0, 4, 1551585303
0, 4, 2015556169
4, 0, 2263676386
0, 4, 2031448467
0, 4, 2174519343
0, 4, 1755443052
4, 0, 2070839409
0, 4, 1963199940
4, 0, 1833427975
0, 4, 1686216416
4, 0, 2244952790
0, 4, 2062290214
4, 0, 1981443860
0, 4, 1979558827
0, 4, 1994185604
0, 4, 2188448988
0, 4, 1563660046
0, 4, 1558343258
4, 0, 2230091004
0, 4, 1966596581
0, 4, 1981295414
0, 4, 1554525444
4, 0, 2055502943
0, 4, 1834307574
0, 4, 1685573214
0, 4, 1990841329
0, 4, 1676761515
0, 4, 1961721192
0, 4, 2192769504
4, 0, 2249705150
0, 4, 2013180783
4, 0, 2253820355
4, 0, 1468636811
4, 0, 2203664869
0, 4, 2061473271
0, 4, 2180847578
0, 4, 1834535400
0, 4, 1970622213
0, 4, 2060085655
0, 4, 2018732908
4, 0, 2323712175
0, 4, 1979190637
4, 0, 2301201253
0, 4, 2017685208
4, 0, 2001240698
4, 0, 1955865840
0, 4, 1693533756
0, 4, 2174736677
4, 0, 2176040079
4, 0, 1992871959
0, 4, 2190751703
4, 0, 2180952604
0, 4, 1795363528
4, 0, 2060637968
0, 4, 2066029270
4, 0, 1997057140
0, 4, 2062955047
0, 4, 1468556115
4, 0, 1686700182
4, 0, 2181117906
0, 4, 1958085427
0, 4, 1753238091
0, 4, 2060528023
0, 4, 1967983859
4, 0, 2007086355
4, 0, 2181320972
0, 4, 2016497273
0, 4, 2000302851
4, 0, 1791791919
0, 4, 1833896516
0, 4, 1964426372
4, 0, 2054092240
4, 0, 2176289936
0, 4, 1976734877
4, 0, 1752524436
0, 4, 1693377549
4, 0, 2053710078
4, 0, 2210282712
0, 4, 1824637314
0, 4, 2015163696
0, 4, 2056316017
4, 0, 2054771273
4, 0, 1794463713
0, 4, 1836207117
0, 4, 2175212665
0, 4, 2177881704
0, 4, 1881517208
0, 4, 2187320020
0, 4, 1687040925
0, 4, 1831200933
0, 4, 1983693102
4, 0, 2224977656
4, 0, 2050955778
4, 0, 1972729453
0, 4, 2058008953
4, 0, 2184862850
4, 0, 2205857831
4, 0, 2069934803
0, 4, 2185487113
0, 4, 1932276847
0, 4, 2045483017
0, 4, 1676891637
4, 0, 2061021485
0, 4, 2175119599
0, 4, 1990009406
4, 0, 2264228194
4, 0, 1976366758
4, 0, 1961044058
0, 4, 2054717302
0, 4, 2048842006
4, 0, 2324101469
4, 0, 1998208771
0, 4, 1834543876
0, 4, 2044346523
0, 4, 1969783607
0, 4, 1966839231
4, 0, 2182783425
0, 4, 1968268992
0, 4, 2180204266
4, 0, 1823808919
0, 4, 2058181085
4, 0, 2266115113
4, 0, 2204432748
0, 4, 1833587520
0, 4, 1793987031
4, 0, 2202326485
4, 0, 2327318381
0, 4, 2064168025
0, 4, 1983969684
4, 0, 2003042083
0, 4, 1827487171
0, 4, 2004305396
4, 0, 2265414609
4, 0, 1573580743
4, 0, 1751202385
0, 4, 1556940346
0, 4, 1678153109
4, 0, 1984879707
0, 4, 2065478647
0, 4, 1999763637
0, 4, 1551271087
0, 4, 1827469657
0, 4, 2185263899
4, 0, 1961257112
0, 4, 2063556280
0, 4, 2187730183
4, 0, 2244563853
4, 0, 2262985235
4, 0, 2322346870
4, 0, 2194963974
4, 0, 2016359916
0, 4, 1557980464
4, 0, 2179243115
4, 0, 2298765694
0, 4, 1883455033
0, 4, 1995956924
4, 0, 2257008759
0, 4, 1974444395
0, 4, 1971970362
0, 4, 1961355870
0, 4, 1981969904
0, 4, 1990524894
0, 4, 1469504712
4, 0, 2065175912
4, 0, 2258584674
0, 4, 2047391062
0, 4, 1961298221
0, 4, 2180929338
0, 4, 2057402985
0, 4, 1468653891
4, 0, 1957119110
4, 0, 2175714348
0, 4, 1964918648
0, 4, 2062712676
0, 4, 1564733573
0, 4, 2187794912
4, 0, 2254538889
0, 4, 2054918386
0, 4, 2190388246
0, 4, 1999708883
4, 0, 1760272761
4, 0, 2191150710
4, 0, 1963373265
0, 4, 2070346712
4, 0, 2013653469
0, 4, 2054934009
0, 4, 2067315849
0, 4, 2048303505
4, 0, 2206626625
4, 0, 2237360776
4, 0, 2199486497
4, 0, 1968098065
4, 0, 1965071295
0, 4, 1969964448
0, 4, 1685983053
0, 4, 1984312105
0, 4, 2063803775
4, 0, 1556967881
0, 4, 1978971910
4, 0, 1677402065
0, 4, 1695343047
0, 4, 2185421872
0, 4, 1972226044
0, 4, 1687042965
0, 4, 1755842151
0, 4, 2190832566
0, 4, 1981390181
0, 4, 1834661351
0, 4, 1676064946
4, 0, 1573664189
0, 4, 1753518278
0, 4, 2017704222
0, 4, 2181847790
0, 4, 1687216453
0, 4, 2048010284
0, 4, 2061667449
0, 4, 2059613708
0, 4, 1558733859
4, 0, 2062149072
0, 4, 2048031475
0, 4, 2182050951
4, 0, 2001696507
0, 4, 1997678271
0, 4, 1956617105
0, 4, 1968956230
0, 4, 1677643925
0, 4, 1882128427
0, 4, 2182479719
0, 4, 1880410369
4, 0, 1971329093
0, 4, 1882268773
0, 4, 1881542792
4, 0, 1680165161
0, 4, 2176350070
0, 4, 1997829491
0, 4, 1973585704
4, 0, 1997369236
4, 0, 1681104872
0, 4, 1553429154
0, 4, 2063100589
4, 0, 1978704138
0, 4, 2058111303
0, 4, 1880904154
0, 4, 2058860623
4, 0, 2224159788
0, 4, 2013974188
0, 4, 1793776408
0, 4, 1968862893
0, 4, 2185379003
4, 0, 1967342030
0, 4, 1676483353
0, 4, 2052959197
0, 4, 1881211148
0, 4, 2048516472
0, 4, 1984053950
4, 0, 2250025486
0, 4, 1833986077
4, 0, 2222177875
0, 4, 1975408857
4, 0, 1986581930
0, 4, 2071222739
0, 4, 1998065234
4, 0, 2064575078
4, 0, 2241540513
0, 4, 2189038631
4, 0, 1963648265
0, 4, 1836416414
4, 0, 1691339702
0, 4, 1977134499
0, 4, 1966945807
0, 4, 1977997080
4, 0, 1985866989
0, 4, 2053416112
0, 4, 1980433807
0, 4, 2052467543
4, 0, 2199572160
0, 4, 2063572918
4, 0, 2003493750
0, 4, 2059428675
0, 4, 1967621173
0, 4, 1755510562
0, 4, 2064359618
4, 0, 2066780932
0, 4, 1963819350
0, 4, 2047902007
0, 4, 1969440099
4, 0, 1981161655
4, 0, 1824154824
4, 0, 1970279601
0, 4, 1996636038
0, 4, 1995191483
4, 0, 1694873919
0, 4, 2061921588
0, 4, 1550819739
0, 4, 1965638677
0, 4, 1962352529
0, 4, 1956243781
0, 4, 2002316821
0, 4, 2003792939
0, 4, 1680922409
0, 4, 1565045759
4, 0, 2190458501
0, 4, 2009989333
0, 4, 1881580411
4, 0, 2014730504
4, 0, 2065672240
0, 4, 1834330849
0, 4, 1564317459
4, 0, 2012926711
0, 4, 1996729711
0, 4, 2008559579
4, 0, 1468416968
0, 4, 2039895863
0, 4, 1969681049
0, 4, 1556531101
0, 4, 1833965499
0, 4, 1990042732
0, 4, 2186247335
0, 4, 1679313539
0, 4, 2056428001
4, 0, 2326560021
0, 4, 1792938068
0, 4, 1553584195
0, 4, 2002844615
0, 4, 1962678655
4, 0, 1986809950
4, 0, 1966734163
4, 0, 1676445454
4, 0, 2246583537
0, 4, 1995719503
0, 4, 1883620309
0, 4, 1989832354
0, 4, 2067108284
4, 0, 2322753794
4, 0, 2237125463
0, 4, 2017011677
4, 0, 1964753095
0, 4, 2000222270
4, 0, 2054983979
4, 0, 2175595552
0, 4, 1759970378
4, 0, 2016932251
0, 4, 1678336120
4, 0, 2234617941
0, 4, 1559643205
4, 0, 1960325556
4, 0, 1686849243
0, 4, 1770717229
0, 4, 2176161024
0, 4, 2018011913
0, 4, 1827462333
0, 4, 1469175624
0, 4, 2190031910
4, 0, 2185058173
4, 0, 1985809820
4, 0, 2016320660
4, 0, 2186588838
0, 4, 1468600795
4, 0, 2048427770
0, 4, 2190011510
4, 0, 1752697690
0, 4, 1880146681
0, 4, 2191983084
0, 4, 1824133800
0, 4, 1969197937
0, 4, 1975581938
0, 4, 1792481006
0, 4, 2050904698
0, 4, 1995274647
0, 4, 2058861576
0, 4, 2000139017
0, 4, 1984731079
0, 4, 2071989593
4, 0, 1557389763
0, 4, 1964705872
0, 4, 1693744289
4, 0, 2209857457
0, 4, 1977996441
4, 0, 2017156613
0, 4, 1685871179
0, 4, 1834117076
4, 0, 2200853991
0, 4, 1969856914
4, 0, 1834222944
4, 0, 2214920506
0, 4, 2053057977
0, 4, 2189097652
0, 4, 2001051834
4, 0, 2056402180
0, 4, 1832769582
0, 4, 1979566665
4, 0, 1986920737
4, 0, 2263167985
0, 4, 2051257808
0, 4, 1564381575
4, 0, 1564299946
4, 0, 1882350045
4, 0, 2242652930
4, 0, 1967303916
4, 0, 1967792190
0, 4, 1997910286
0, 4, 2016175717
4, 0, 2031238773
4, 0, 2003082359
0, 4, 1827381832
4, 0, 1995548586
4, 0, 2247655656
0, 4, 2050695195
4, 0, 2189571725
0, 4, 1564585458
0, 4, 2016055363
0, 4, 2064782722
4, 0, 2188664362
4, 0, 1676947102
4, 0, 2206140941
0, 4, 1883560665
0, 4, 2014917009
0, 4, 1564585741
0, 4, 1963199198
0, 4, 1979256390
4, 0, 2067701544
0, 4, 1825200700
0, 4, 2002253983
4, 0, 2237701032
0, 4, 1880103290
4, 0, 2236125408
0, 4, 2189694955
4, 0, 1977188181
4, 0, 2251131530
0, 4, 2049539137
4, 0, 2220843642
0, 4, 1998269815
0, 4, 1880609719
0, 4, 1960218192
0, 4, 1992996284
0, 4, 1969959604
0, 4, 2002411368
0, 4, 2069472657
0, 4, 2056790509
4, 0, 1933168908
0, 4, 1552035688
0, 4, 1468147480
0, 4, 1468884106
0, 4, 1992605142
4, 0, 2015588045
4, 0, 1995651064
4, 0, 2248489157
0, 4, 2186434592
0, 4, 1979567381
0, 4, 2053995430
4, 0, 2262128269
0, 4, 1991663718
0, 4, 1468974247
0, 4, 1989694330
0, 4, 2186672789
0, 4, 2061046866
0, 4, 1469556886
0, 4, 2053022842
0, 4, 1994631126
0, 4, 2175222775
0, 4, 2013241513
0, 4, 1969975853
0, 4, 1880039125
0, 4, 1988883408
0, 4, 2052387006
0, 4, 2068415937
0, 4, 1467971937
0, 4, 2014815438
0, 4, 2174674480
4, 0, 2062000752
0, 4, 2189469200
0, 4, 1993837609
0, 4, 2182122414
0, 4, 1957629260
0, 4, 1693934208
0, 4, 2071967305
0, 4, 2013457990
0, 4, 1990000835
4, 0, 1685870875
0, 4, 1970338464
0, 4, 1993837556
0, 4, 1932774181
0, 4, 2066321757
0, 4, 1563448050
0, 4, 1555759472
4, 0, 1976969897
4, 0, 1998163432
0, 4, 2192464260
4, 0, 1823040086
0, 4, 2002002173
4, 0, 1973262315
0, 4, 1972098073
0, 4, 2064711519
0, 4, 2064507453
0, 4, 2051373871
0, 4, 1970708669
4, 0, 2048339592
4, 0, 1982255994
0, 4, 2039911911
0, 4, 1933074283
4, 0, 2252193426
4, 0, 2302270025
0, 4, 2190055557
0, 4, 2052060687
4, 0, 2221748962
0, 4, 2016122955
0, 4, 1995593099
0, 4, 1936081436
0, 4, 2063022276
0, 4, 1978765024
0, 4, 2057115914
0, 4, 1976520175
0, 4, 1834428893
4, 0, 2302196681
0, 4, 2000304403
4, 0, 2178927671
4, 0, 1835449837
0, 4, 1966962049
4, 0, 2227893229
4, 0, 1985995941
4, 0, 2174648427
4, 0, 2205171816
0, 4, 1693119391
0, 4, 2016250485
4, 0, 2014148531
0, 4, 1755543946
0, 4, 2060701701
0, 4, 1991222386
4, 0, 1974666481
0, 4, 1770809502
0, 4, 1824135057
0, 4, 1692372566
0, 4, 2052096929
4, 0, 1983895367
0, 4, 1978516086
4, 0, 1966520559
0, 4, 1558214781
0, 4, 2056095063
0, 4, 1565687097
0, 4, 1752964404
4, 0, 1468965277
4, 0, 1685724986
0, 4, 2014804810
0, 4, 2032158474
4, 0, 2255524961
0, 4, 2052859374
0, 4, 1881475379
0, 4, 1989473566
0, 4, 2014886961
4, 0, 2299300703
0, 4, 1832259257
0, 4, 2175636180
0, 4, 1979270624
0, 4, 1980025682
4, 0, 2053918152
4, 0, 2175060446
4, 0, 2231822283
4, 0, 1825076730
4, 0, 2251499298
0, 4, 1694727520
0, 4, 1565996758
0, 4, 1795555552
0, 4, 1564315193
0, 4, 1975957140
4, 0, 2005749882
0, 4, 1834717137
0, 4, 2175419894
4, 0, 2179791606
4, 0, 1964854224
0, 4, 2174504714
0, 4, 1999484456
0, 4, 1996045212
4, 0, 2198099371
0, 4, 1989912915
0, 4, 1990856086
4, 0, 2014218959
0, 4, 2071325931
0, 4, 1794188164
0, 4, 2062025660
0, 4, 1970922383
0, 4, 2182628451
0, 4, 2060596900
0, 4, 1686138318
0, 4, 1557713531
0, 4, 1794325746
0, 4, 1880664968
0, 4, 2053050802
4, 0, 1686335394
4, 0, 2235443246
4, 0, 1795691416
0, 4, 2055832274
0, 4, 1982115200
0, 4, 2054472078
0, 4, 1972789851
0, 4, 1880477820
0, 4, 2188468480
4, 0, 1827568025
0, 4, 1980618570
0, 4, 2011371735
0, 4, 1694240308
4, 0, 1972040388
0, 4, 1823739979
0, 4, 1989676482
0, 4, 1834020956
0, 4, 1967494194
0, 4, 2189607529
0, 4, 1686877455
4, 0, 2191933344
4, 0, 2062527327
0, 4, 1824711502
0, 4, 2052804410
0, 4, 2067144644
4, 0, 1555948184
4, 0, 2069691691
4, 0, 2180540244
0, 4, 2003264493
0, 4, 1753272729
4, 0, 1555957214
0, 4, 2002594920
4, 0, 2200667515
4, 0, 2188894656
0, 4, 2000304879
4, 0, 1967830429
4, 0, 1969029223
0, 4, 1978747539
0, 4, 2002065355
0, 4, 2059998972
0, 4, 1966394318
4, 0, 1968701392
0, 4, 1573274546
0, 4, 2003555932
4, 0, 1990315085
0, 4, 2047901727
0, 4, 1991349719
4, 0, 2258098163
4, 0, 1550762111
4, 0, 1960576036
4, 0, 1834756238
0, 4, 2191235729
0, 4, 2187276114
0, 4, 2187775110
0, 4, 1970674292
0, 4, 1686183338
0, 4, 2049286458
0, 4, 2014690843
4, 0, 2200720560
0, 4, 2003206504
0, 4, 2064742059
0, 4, 2062527771
0, 4, 2014035669
0, 4, 1979481632
0, 4, 2071476597
0, 4, 1996972646
0, 4, 1558192189
4, 0, 2302230182
0, 4, 2064431405
0, 4, 2065071106
0, 4, 1825240263
0, 4, 2013706488
0, 4, 1835425436
0, 4, 1982449367
0, 4, 1989815670
0, 4, 1755059583
0, 4, 1827428252
0, 4, 2071159201
0, 4, 2060701074
4, 0, 2212860208
4, 0, 1551583748
0, 4, 2178933802
4, 0, 1984621626
4, 0, 2195265794
0, 4, 1686250334
4, 0, 1995234715
0, 4, 2056990056
4, 0, 2187749141
0, 4, 1751034655
0, 4, 1997734796
0, 4, 1989824979
4, 0, 2248777170
0, 4, 1960157527
0, 4, 1880895639
0, 4, 1882319877
4, 0, 1678869168
4, 0, 1795700542
0, 4, 1984799362
0, 4, 1963480685
4, 0, 1997655687
0, 4, 2001799719
4, 0, 1557328620
4, 0, 1793773245
0, 4, 1957261782
4, 0, 1980082986
0, 4, 2002316755
4, 0, 2045841787
0, 4, 1694455040
0, 4, 1999647580
4, 0, 2050682617
4, 0, 1984730378
0, 4, 2064316692
0, 4, 2047672703
0, 4, 1752590890
0, 4, 2047792435
0, 4, 2017702571
4, 0, 2013864138
0, 4, 2186626303
4, 0, 2175285445
4, 0, 2215299856
0, 4, 2062303910
4, 0, 2262872873
0, 4, 2000415281
0, 4, 2003711900
4, 0, 2001147127
0, 4, 1558974051
4, 0, 1548853933
4, 0, 2003023406
0, 4, 2175988300
0, 4, 1985507265
0, 4, 1971268786
0, 4, 2072514150
4, 0, 2238758172
4, 0, 2000410619
0, 4, 2067741466
0, 4, 2064471704
0, 4, 2175532048
0, 4, 2001821426
4, 0, 2175702085
0, 4, 2015651678
0, 4, 2175923696
0, 4, 2052989244
0, 4, 2174766697
0, 4, 1978438587
0, 4, 2012969871
0, 4, 1676396421
0, 4, 1971483037
0, 4, 1990698900
0, 4, 2181423595
0, 4, 2068115632
0, 4, 1574127753
0, 4, 2059464634
0, 4, 2061348244
4, 0, 2044614329
0, 4, 1991836024
0, 4, 2189745897
0, 4, 2063880749
0, 4, 1968116994
0, 4, 1676342419
0, 4, 1982310761
0, 4, 1985575804
4, 0, 1691269955
0, 4, 1989796801
4, 0, 2197363974
4, 0, 2295260382
0, 4, 1468938119
0, 4, 1996024508
0, 4, 2050640153
4, 0, 2053718406
0, 4, 1961355710
4, 0, 2265526840
0, 4, 2064712152
4, 0, 1678548313
0, 4, 2190364340
4, 0, 1559258645
0, 4, 2188633031
0, 4, 1881041117
0, 4, 1988864101
0, 4, 2187662584
4, 0, 1985589594
4, 0, 2322898128
0, 4, 1978776042
0, 4, 2051420448
4, 0, 2286770297
0, 4, 1754402258
0, 4, 2054561308
4, 0, 1881013185
4, 0, 2071634979
0, 4, 2058045970
4, 0, 2245739439
4, 0, 2225089681
4, 0, 2018598033
4, 0, 1975655145
0, 4, 1978263890
0, 4, 1882561109
0, 4, 2191665100
0, 4, 1969472555
4, 0, 2177257206
0, 4, 2053996720
4, 0, 2237414613
0, 4, 1686335262
0, 4, 2052924377
0, 4, 1994764896
4, 0, 2202078561
0, 4, 1830924783
4, 0, 1824280719
4, 0, 2046333025
0, 4, 1678693599
4, 0, 2185588966
0, 4, 1974087754
0, 4, 2069363159
0, 4, 2001588719
4, 0, 2206744930
0, 4, 1972330308
0, 4, 1553491388
0, 4, 1963928567
4, 0, 2052018619
0, 4, 1992708505
0, 4, 1835885753
4, 0, 2264183429
4, 0, 2233049745
0, 4, 2188957214
4, 0, 2327295672
4, 0, 2233044818
0, 4, 1976109543
0, 4, 1834952043
0, 4, 1969912809
4, 0, 2218990271
0, 4, 2178369388
0, 4, 2052948988
0, 4, 1827471977
0, 4, 2063504061
0, 4, 2054485735
4, 0, 1827587440
0, 4, 1553955966
0, 4, 1880572752
0, 4, 1548497412
0, 4, 2191868051
0, 4, 1468353283
4, 0, 1686479870
4, 0, 1564147744
0, 4, 1834167544
0, 4, 2191030535
4, 0, 2263792095
4, 0, 1685725616
4, 0, 2297988363
4, 0, 1967633158
0, 4, 2008559961
0, 4, 1969212179
4, 0, 2266127381
4, 0, 1880394133
0, 4, 1880782565
4, 0, 2043924529
0, 4, 1979615996
0, 4, 2191630764
0, 4, 1976122570
0, 4, 1825262631
0, 4, 1990213029
4, 0, 2295404986
0, 4, 1997541738
4, 0, 1981768970
0, 4, 2039910869
0, 4, 1688818780
4, 0, 2194282806
4, 0, 1574106077
0, 4, 2188749940
0, 4, 1989805127
4, 0, 1983427578
0, 4, 2174566568
0, 4, 1985986062
0, 4, 2017643225
0, 4, 1979879317
0, 4, 2176265792
4, 0, 1990872440
4, 0, 1986044144
4, 0, 2221249487
0, 4, 1833400604
0, 4, 1551683036
0, 4, 1986619770
0, 4, 1881159228
0, 4, 2189110215
0, 4, 1971515559
0, 4, 2048304606
4, 0, 2236523671
0, 4, 1835673287
4, 0, 1836454904
4, 0, 2244234192
0, 4, 2188545567
0, 4, 2052376488
0, 4, 1687766121
0, 4, 1984395798
0, 4, 2055774555
0, 4, 2002498280
0, 4, 2044345080
0, 4, 1981658974
0, 4, 1794227178
0, 4, 1825689609
4, 0, 1997120451
0, 4, 1836458953
0, 4, 2181003675
4, 0, 2215222137
0, 4, 1676253209
4, 0, 1573685091
4, 0, 1691339437
0, 4, 1970942043
0, 4, 2177682346
0, 4, 1825414085
0, 4, 1825438104
0, 4, 2180304073
4, 0, 2013545135
4, 0, 2324635889
0, 4, 1573310055
4, 0, 2187270017
4, 0, 2043947464
4, 0, 2301210133
4, 0, 1469121577
0, 4, 2055636110
0, 4, 2051339200
4, 0, 1548778307
4, 0, 2233645391
4, 0, 1991827117
0, 4, 2053858057
4, 0, 1978773832
4, 0, 2187891841
0, 4, 1979138878
0, 4, 2071775489
0, 4, 1999080488
0, 4, 1975861525
0, 4, 2018643996
4, 0, 1968617405
0, 4, 1548318058
0, 4, 1982165892
0, 4, 2185442798
4, 0, 2324467224
0, 4, 2188927424
0, 4, 1970221271
0, 4, 1553336185
0, 4, 1995043358
4, 0, 2181394600
4, 0, 2248657929
0, 4, 2050884067
0, 4, 2014452437
0, 4, 2045437602
0, 4, 2178597165
0, 4, 2008556706
0, 4, 2001965645
0, 4, 2058263204
0, 4, 2189319949
0, 4, 2069637857
0, 4, 1824898282
0, 4, 2065820335
4, 0, 1823834710
4, 0, 2285347625
4, 0, 2253327785
0, 4, 1793505352
0, 4, 2192605352
4, 0, 2063292817
0, 4, 2067962862
4, 0, 1978823212
0, 4, 2002858836
4, 0, 2176171859
0, 4, 1963135793
0, 4, 2068197889
0, 4, 1562361914
0, 4, 1995958251
4, 0, 2263099021
0, 4, 1974445089
0, 4, 2039779782
4, 0, 1883464612
4, 0, 2242938332
0, 4, 2187839029
0, 4, 1999100085
4, 0, 2227046382
4, 0, 1966904988
4, 0, 1985167510
0, 4, 1677828589
4, 0, 1956132186
4, 0, 2203090688
0, 4, 1686043770
0, 4, 1984601873
0, 4, 1961113956
0, 4, 2178788980
0, 4, 1992271679
0, 4, 1982769422
0, 4, 1556360851
4, 0, 1692287477
0, 4, 1993144403
0, 4, 2071915457
0, 4, 2015246844
4, 0, 2014648612
4, 0, 2298507519
4, 0, 2014006012
0, 4, 1964814560
4, 0, 2192881136
4, 0, 2205325551
0, 4, 1686801295
4, 0, 1965887145
0, 4, 1755061131
4, 0, 2188582926
4, 0, 2262400586
0, 4, 1971591438
0, 4, 1684819899
0, 4, 1827820002
0, 4, 1996518644
4, 0, 2228670370
0, 4, 1977528561
0, 4, 1880475139
4, 0, 2189704535
4, 0, 2189697224
4, 0, 2055307907
0, 4, 2063873722
4, 0, 2051249579
4, 0, 2224192255
0, 4, 1468867682
4, 0, 1976905309
0, 4, 2180573618
0, 4, 1981724064
0, 4, 1990738745
4, 0, 2031912467
4, 0, 1881537775
4, 0, 2263134142
4, 0, 2226512755
0, 4, 2060436786
0, 4, 1981917790
0, 4, 1981985306
4, 0, 1985194268
4, 0, 1964159645
4, 0, 1826383416
0, 4, 2070428023
0, 4, 1468869955
0, 4, 2002141589
4, 0, 1975516788
4, 0, 2262144577
0, 4, 1973724240
4, 0, 2191337892
0, 4, 2066410736
0, 4, 1975425119
0, 4, 2045170497
0, 4, 1832598708
0, 4, 2050285762
0, 4, 1834942617
0, 4, 1882374358
4, 0, 2064412482
0, 4, 1793680754
0, 4, 1676129392
0, 4, 1983466589
0, 4, 1968678347
4, 0, 2322446077
0, 4, 1967005599
0, 4, 1468294189
0, 4, 2053502340
4, 0, 2226124960
0, 4, 1881338312
4, 0, 2048832503
0, 4, 1978272867
0, 4, 2053894369
4, 0, 2231221308
0, 4, 2052494147
0, 4, 1970569246
4, 0, 2179052635
0, 4, 1556510200
4, 0, 1995821977
4, 0, 2188897117
0, 4, 1992607102
4, 0, 1983976761
0, 4, 1753384040
0, 4, 2176159328
0, 4, 1975849245
0, 4, 2053772571
4, 0, 1469269900
0, 4, 2001767990
4, 0, 2056951929
0, 4, 1964062669
0, 4, 2014023109
4, 0, 1470091904
4, 0, 1999761186
4, 0, 2202975917
0, 4, 2175574869
4, 0, 2261636782
0, 4, 2054035205
0, 4, 2051242812
4, 0, 1548775825
4, 0, 2061625054
4, 0, 2232235976
0, 4, 1548318089
0, 4, 1993540627
4, 0, 1679241097
4, 0, 2066060245
4, 0, 2191481232
0, 4, 1550967980
0, 4, 2185600725
0, 4, 1979428033
0, 4, 1565365365
0, 4, 1974851818
0, 4, 1695620876
0, 4, 1573581030
4, 0, 1981817673
0, 4, 1956633204
0, 4, 1995018447
4, 0, 1994447094
0, 4, 2015986647
0, 4, 2067294963
4, 0, 1834111498
0, 4, 2186835783
0, 4, 1753631640
0, 4, 1823048241
0, 4, 1962201199
0, 4, 2052700840
4, 0, 1991746257
4, 0, 1962907469
0, 4, 2014753660
0, 4, 1794233655
4, 0, 2327662497
0, 4, 2001089537
0, 4, 1992230245
0, 4, 1979848455
4, 0, 2237529019
4, 0, 2049697065
0, 4, 1974529849
0, 4, 2068416130
0, 4, 2188633265
4, 0, 1676423740
0, 4, 1961593128
0, 4, 2183548578
0, 4, 2182552747
4, 0, 1964872486
0, 4, 1824637284
0, 4, 1978997260
4, 0, 2221708293
0, 4, 1971018048
0, 4, 1750930618
0, 4, 1979536499
0, 4, 1835888198
0, 4, 1827381443
0, 4, 1956850350
0, 4, 1834897181
0, 4, 2176727195
0, 4, 1676808119
0, 4, 2070089307
0, 4, 1750895141
0, 4, 1692176471
0, 4, 1556552091
0, 4, 2013179214
0, 4, 2060241369
0, 4, 2049708007
0, 4, 1556065268
4, 0, 2048094413
0, 4, 2191843449
0, 4, 2068258475
4, 0, 1981900585
4, 0, 1932938435
4, 0, 2266998369
4, 0, 2213631192
4, 0, 2215298523
4, 0, 1677361170
4, 0, 1550934083
4, 0, 2051149296
0, 4, 1970364001
0, 4, 2016072529
0, 4, 2058726612
0, 4, 1692258241
4, 0, 1972639767
0, 4, 1973021025
0, 4, 1771210128
0, 4, 2176565100
0, 4, 1563830597
0, 4, 2069362236
4, 0, 2053591298
4, 0, 1792420652
4, 0, 2224975367
4, 0, 2199259701
0, 4, 2052924372
0, 4, 2054427692
0, 4, 1969356296
4, 0, 2231209655
4, 0, 2011837503
4, 0, 1979092397
4, 0, 2260579525
0, 4, 1694812972
4, 0, 2176538292
4, 0, 1469055821
0, 4, 2186105344
0, 4, 1985313659
4, 0, 1983239020
4, 0, 1557644140
0, 4, 2002871716
0, 4, 2046868012
0, 4, 2193304384
0, 4, 2056771009
0, 4, 2047389913
4, 0, 2250411160
4, 0, 2209778910
4, 0, 1991656710
4, 0, 2207573643
4, 0, 2052686372
0, 4, 2193189366
0, 4, 1760179839
4, 0, 2206027980
4, 0, 2012261849
4, 0, 2070377275
0, 4, 2188598328
0, 4, 1992539398
0, 4, 1965485752
0, 4, 1791599250
0, 4, 2064037203
4, 0, 1559673443
4, 0, 1974682319
0, 4, 2061164776
0, 4, 1964195230
0, 4, 2178934131
0, 4, 1994724802
0, 4, 1694552445
0, 4, 2063643369
0, 4, 1752019443
4, 0, 1751069281
0, 4, 1957607793
0, 4, 1676253081
0, 4, 2054904471
0, 4, 1469367959
0, 4, 2066286615
0, 4, 2069378315
0, 4, 2048902399
0, 4, 1982364930
0, 4, 1881059528
4, 0, 1573518297
0, 4, 2002034406
4, 0, 2300594071
4, 0, 1677802366
4, 0, 2297795163
4, 0, 1882193352
0, 4, 2052454714
0, 4, 2066156041
4, 0, 1828053716
0, 4, 1983204428
4, 0, 2223705432
4, 0, 1557196544
0, 4, 1970784918
0, 4, 2003079325
4, 0, 1882157253
0, 4, 1834315632
0, 4, 2016123301
0, 4, 1989238668
0, 4, 2192124502
4, 0, 1997517447
0, 4, 2013720300
0, 4, 2058962904
0, 4, 2048202160
0, 4, 1677379060
0, 4, 1880888805
4, 0, 2181369491
0, 4, 2046661960
4, 0, 2184619227
0, 4, 1693582671
0, 4, 2015752352
0, 4, 1981551234
0, 4, 1999838272
0, 4, 2176311379
0, 4, 1686528624
0, 4, 2053080938
0, 4, 1564959316
4, 0, 2264993614
4, 0, 1791600658
0, 4, 1966113423
0, 4, 2062580594
0, 4, 2070727729
4, 0, 2210532602
0, 4, 2013791295
4, 0, 2328320006
0, 4, 1831204468
0, 4, 1680884655
0, 4, 1469760459
4, 0, 2062130346
0, 4, 1827962151
4, 0, 2050568792
4, 0, 2207872202
4, 0, 2252090548
0, 4, 2053748954
4, 0, 1676093355
0, 4, 1989444879
0, 4, 1970254252
0, 4, 1793751871
0, 4, 1824430332
0, 4, 2058778726
0, 4, 1792117812
4, 0, 2052236271
4, 0, 1573069723
0, 4, 2063827288
4, 0, 2014987658
0, 4, 1973880325
0, 4, 1967738646
4, 0, 1557915414
0, 4, 1795178247
0, 4, 2054502542
0, 4, 2015041851
0, 4, 1559356958
0, 4, 1979750162
0, 4, 1834518030
4, 0, 2185048866
0, 4, 1751324739
0, 4, 1996917792
0, 4, 1995403087
0, 4, 2058929292
0, 4, 1994113232
0, 4, 2064056843
0, 4, 1825716046
4, 0, 2205113745
0, 4, 2059098738
0, 4, 2014866449
0, 4, 1978248542
4, 0, 2065040075
4, 0, 2013822569
0, 4, 2189899888
4, 0, 1752416053
0, 4, 2184277779
0, 4, 2015127795
4, 0, 2306279843
0, 4, 2007642150
0, 4, 1990293696
0, 4, 2013341815
0, 4, 1967076602
0, 4, 2062091357
0, 4, 1989482645
4, 0, 2176019235
0, 4, 1932309787
0, 4, 2176539458
0, 4, 1834184580
4, 0, 1969333555
4, 0, 1753307859
4, 0, 2221651817
0, 4, 2014540226
0, 4, 2002711429
0, 4, 2175300940
4, 0, 2295815562
0, 4, 1825582639
0, 4, 2058062239
0, 4, 2015436008
0, 4, 1996357305
0, 4, 2179726199
4, 0, 2193676961
0, 4, 1680742192
4, 0, 1555931000
4, 0, 2244975634
0, 4, 1975343431
4, 0, 2298439102
4, 0, 1988862241
0, 4, 2001751668
4, 0, 2300308304
0, 4, 1991260746
0, 4, 1676193843
0, 4, 1994029738
0, 4, 2052535602
0, 4, 2177406136
4, 0, 2321900747
0, 4, 2055828882
0, 4, 2048638853
0, 4, 2060137856
0, 4, 1553926283
0, 4, 2190775657
4, 0, 2178694720
0, 4, 2061394917
4, 0, 1932513931
4, 0, 2232935339
4, 0, 2068119426
4, 0, 1966981206
0, 4, 1573529860
0, 4, 2191179195
0, 4, 1754024569
0, 4, 2064647108
0, 4, 1962045507
0, 4, 1974037882
0, 4, 1827396976
0, 4, 2013900996
0, 4, 1986641242
4, 0, 2062650412
0, 4, 2005201329
0, 4, 1677076299
0, 4, 2175107055
0, 4, 2001404025
4, 0, 2252446670
0, 4, 1988977689
4, 0, 2248551834
0, 4, 1880422906
4, 0, 2202664437
4, 0, 2031855040
0, 4, 1834313859
0, 4, 1971591897
0, 4, 2002914471
4, 0, 2065917031
0, 4, 1978172682
0, 4, 1974608609
0, 4, 1824582751
0, 4, 2017125217
0, 4, 1793985685
0, 4, 1932858806
0, 4, 1966523824
0, 4, 1978989122
0, 4, 2189959885
0, 4, 1957616649
0, 4, 1573252109
4, 0, 1467854706
4, 0, 2063063044
4, 0, 2302805214
0, 4, 2179377796
0, 4, 1971482268
0, 4, 1984666096
4, 0, 2191878185
0, 4, 1694367237
0, 4, 1565467660
4, 0, 1686828899
0, 4, 2013084011
4, 0, 2186641474
0, 4, 1827414458
4, 0, 2001495919
0, 4, 2061132979
0, 4, 1677115485
0, 4, 1759773677
0, 4, 1984482037
0, 4, 1972212044
4, 0, 1678810498
0, 4, 1557679907
0, 4, 2180749805
0, 4, 1974101945
4, 0, 1992850478
4, 0, 2295215446
0, 4, 1981564503
0, 4, 2000876174
4, 0, 2323407818
4, 0, 1468713975
4, 0, 2054265158
4, 0, 1984835765
4, 0, 1975962035
0, 4, 2048326477
4, 0, 2297768877
0, 4, 1684981732
0, 4, 2069228355
0, 4, 1968680829
0, 4, 1974428822
0, 4, 1557092896
0, 4, 1989832348
0, 4, 2062613667
0, 4, 1573968692
0, 4, 2013495503
4, 0, 2246556918
0, 4, 1970092385
0, 4, 1684762584
0, 4, 2175134218
0, 4, 1979099239
0, 4, 1966183228
0, 4, 1956327294
0, 4, 2050657297
0, 4, 1754354042
4, 0, 1691421177
0, 4, 1557412672
0, 4, 2044930269
0, 4, 1967287316
4, 0, 2187430778
0, 4, 1882215056
4, 0, 2194328264
0, 4, 1975186670
4, 0, 1555732276
0, 4, 1833802719
4, 0, 1996034198
0, 4, 1971986939
4, 0, 1965081394
0, 4, 2057709063
4, 0, 2188583414
0, 4, 1966338217
0, 4, 1835501911
0, 4, 1693379155
4, 0, 1990429095
4, 0, 1997260503
0, 4, 1967077689
0, 4, 2053065327
0, 4, 2001298009
0, 4, 2068274687
0, 4, 1956860826
4, 0, 1986305411
0, 4, 1792196219
0, 4, 2054764604
0, 4, 2000632044
0, 4, 2051196200
4, 0, 2001910146
0, 4, 1565294837
4, 0, 2254674714
0, 4, 2003247771
4, 0, 2218290302
4, 0, 1834340305
4, 0, 2266221316
4, 0, 2235564079
0, 4, 2058265373
4, 0, 1753211784
0, 4, 2033597398
4, 0, 1982835207
4, 0, 2054125547
0, 4, 2071497176
0, 4, 1752088198
4, 0, 1823154411
4, 0, 1759728849
0, 4, 2068891433
0, 4, 2014693062
0, 4, 2178011071
0, 4, 1992355114
4, 0, 1751949655
4, 0, 2206989305
0, 4, 1826525549
4, 0, 2071094028
0, 4, 2066865271
0, 4, 2176127247
0, 4, 1827979868
0, 4, 2008810699
0, 4, 2013164060
4, 0, 1557976806
4, 0, 1986704344
0, 4, 2181004906
4, 0, 1989055740
0, 4, 1881383889
4, 0, 2192551492
0, 4, 2182654453
0, 4, 2191035313
0, 4, 2191147936
4, 0, 1753231189
0, 4, 2001120667
0, 4, 1997987337
0, 4, 1558765395
4, 0, 2201676575
4, 0, 1685720185
0, 4, 1969783740
0, 4, 2002418805
0, 4, 1966042682
4, 0, 2260033733
4, 0, 1976752440
0, 4, 1835324555
4, 0, 2070110928
0, 4, 1986026486
4, 0, 2288473366
4, 0, 2246843703
0, 4, 1832256199
0, 4, 2012030470
4, 0, 1956355744
4, 0, 2245344210
4, 0, 1990248021
0, 4, 1972080586
4, 0, 2012549126
0, 4, 1975040504
0, 4, 1835974474
4, 0, 1957745916
0, 4, 2191235541
4, 0, 2326572993
0, 4, 1558072318
4, 0, 1754192209
0, 4, 2001947271
0, 4, 1957065322
4, 0, 2189981065
0, 4, 1969992398
4, 0, 1933141775
4, 0, 2000953619
4, 0, 1985099724
0, 4, 1981564760
4, 0, 1971940508
0, 4, 1933163201
0, 4, 1695137257
0, 4, 2001373174
0, 4, 1678216028
0, 4, 1982890263
4, 0, 2192742868
0, 4, 2053859329
0, 4, 1997890629
0, 4, 1792865652
0, 4, 1966392109
4, 0, 2184855474
0, 4, 1565878401
0, 4, 1693975539
0, 4, 1835772659
4, 0, 2039799304
0, 4, 1558560556
4, 0, 1999500328
4, 0, 1960809900
0, 4, 1982416229
0, 4, 1969614540
4, 0, 1978441286
4, 0, 2288065307
4, 0, 2008900877
4, 0, 1793873036
4, 0, 2217361936
4, 0, 1956161720
0, 4, 1880562629
0, 4, 2064373089
0, 4, 2184924779
0, 4, 1982787500
4, 0, 2262952206
0, 4, 1956358973
0, 4, 2189949641
4, 0, 2300537063
0, 4, 1826489288
4, 0, 2262218376
4, 0, 2192287738
0, 4, 1823969950
4, 0, 1834125681
0, 4, 1676714110
0, 4, 1835721508
4, 0, 2047672907
0, 4, 2174565705
0, 4, 1833310414
0, 4, 2190784910
0, 4, 1956159580
4, 0, 2256708727
0, 4, 1965952367
0, 4, 2054657043
0, 4, 1823417257
0, 4, 2039711243
0, 4, 1823478020
4, 0, 2251859726
4, 0, 1984530142
4, 0, 2047066566
4, 0, 2015312993
0, 4, 2063854946
4, 0, 2012907990
4, 0, 2227948910
0, 4, 1880709634
4, 0, 2266109071
4, 0, 2178066902
0, 4, 1880381221
0, 4, 1557495851
4, 0, 1997975253
4, 0, 2016608836
0, 4, 2016071376
0, 4, 2188152323
0, 4, 2004962396
0, 4, 1989325840
0, 4, 1827367159
4, 0, 1995927122
0, 4, 1998109242
4, 0, 2052245373
0, 4, 1678977497
0, 4, 1557615386
4, 0, 1827353706
4, 0, 1678863971
4, 0, 2298326871
0, 4, 1956072613
0, 4, 1558023914
0, 4, 2186788456
4, 0, 2017921092
0, 4, 2061281346
0, 4, 1969829341
4, 0, 1983734284
4, 0, 2014894952
0, 4, 1685608566
0, 4, 1936064597
0, 4, 2064727148
0, 4, 2054022677
0, 4, 2053126193
0, 4, 2052897293
4, 0, 2176319524
0, 4, 2058027302
0, 4, 1967641411
4, 0, 2061301194
0, 4, 1983950926
0, 4, 2014339990
4, 0, 2002127295
0, 4, 2058861596
4, 0, 2002776429
0, 4, 2062434445
4, 0, 2324204509
4, 0, 1991527141
0, 4, 1992518706
0, 4, 2191147540
4, 0, 2195717122
0, 4, 1677642632
0, 4, 2052589205
0, 4, 2068458369
4, 0, 2068047152
4, 0, 1834699675
4, 0, 2327909479
4, 0, 1833781606
4, 0, 2327936199
0, 4, 1688895814
0, 4, 1978174976
0, 4, 1997427492
0, 4, 1976197547
4, 0, 2284824673
0, 4, 1796904794
0, 4, 2065056242
0, 4, 1882374395
4, 0, 1984140584
0, 4, 2014449129
0, 4, 1981801687
4, 0, 2189880216
0, 4, 2014471247
0, 4, 2015050192
0, 4, 1973519672
0, 4, 1978359765
4, 0, 2000859431
0, 4, 2002815670
0, 4, 1556361985
0, 4, 2193426454
0, 4, 1833911324
0, 4, 2052425245
4, 0, 2323324096
4, 0, 1977752930
0, 4, 1974757320
0, 4, 1968693796
4, 0, 1977947576
4, 0, 1676638359
0, 4, 2060103375
0, 4, 1833736614
0, 4, 1754602246
4, 0, 2205132108
0, 4, 2072225907
4, 0, 2296733027
0, 4, 2174363479
0, 4, 1981801688
0, 4, 2051958919
4, 0, 1833281879
4, 0, 2184777853
4, 0, 2056382582
4, 0, 2000877074
0, 4, 2014211807
4, 0, 2189302981
0, 4, 1694686765
4, 0, 1932888053
0, 4, 1677566035
4, 0, 1988696824
0, 4, 1880800910
0, 4, 1825975607
0, 4, 1997697519
4, 0, 1551049117
4, 0, 1883276286
0, 4, 1970148751
4, 0, 2063736710
4, 0, 2210795943
4, 0, 2005115655
4, 0, 2043892498
0, 4, 1880204818
4, 0, 2010601007
4, 0, 1684969857
4, 0, 1753465024
4, 0, 2185702158
0, 4, 1960396697
4, 0, 2300744163
0, 4, 1882895988
0, 4, 1995939628
0, 4, 1976012979
0, 4, 2011037714
0, 4, 1752964724
0, 4, 1824135548
0, 4, 1975155081
4, 0, 2215327643
4, 0, 2284915211
0, 4, 2061349567
0, 4, 1564039674
0, 4, 2186861371
4, 0, 1996245626
4, 0, 1686978943
0, 4, 2188927461
0, 4, 1677893444
4, 0, 1963603407
4, 0, 1795258508
4, 0, 1880887454
4, 0, 2237853499
0, 4, 2003536021
4, 0, 2057168329
0, 4, 1957276202
4, 0, 1836278529
0, 4, 2062491161
4, 0, 1559292182
0, 4, 1978236695
4, 0, 1963102339
4, 0, 2046055762
4, 0, 1998341704
4, 0, 1557376333
4, 0, 2229643510
4, 0, 2185087251
0, 4, 2047656205
0, 4, 1834789458
0, 4, 1973436111
0, 4, 2013095927
0, 4, 1977943200
4, 0, 2060077501
0, 4, 1827894541
4, 0, 2222293079
0, 4, 1755378066
4, 0, 2216620433
0, 4, 1984716271
4, 0, 2049500048
0, 4, 1692256750
4, 0, 2177481904
0, 4, 1880206985
0, 4, 1998940148
0, 4, 2014888238
0, 4, 2175872948
0, 4, 2191866140
0, 4, 2187504348
4, 0, 2232320749
0, 4, 2185034700
0, 4, 2031083377
4, 0, 2208586885
0, 4, 1880607409
0, 4, 1993816360
4, 0, 2061967745
0, 4, 1687663903
4, 0, 2190641532
0, 4, 2053209711
0, 4, 1990081251
4, 0, 2250223135
0, 4, 1974645728
0, 4, 1556859702
4, 0, 2060492706
4, 0, 2188083658
0, 4, 2192935911
4, 0, 2253952181
0, 4, 1467841985
4, 0, 2048491389
0, 4, 2015970067
0, 4, 1976169021
4, 0, 1957046815
4, 0, 1833234318
4, 0, 1835908692
0, 4, 2191292994
4, 0, 1692448603
4, 0, 2061982700
4, 0, 1754151996
4, 0, 2014295746
0, 4, 1880736368
4, 0, 1969865016
4, 0, 2225503118
4, 0, 2246556581
0, 4, 2013067159
0, 4, 1793481936
0, 4, 1826416844
0, 4, 2062915421
4, 0, 2047935029
4, 0, 2200591501
0, 4, 2058146749
0, 4, 2068254886
0, 4, 1968318627
0, 4, 1966875149
4, 0, 2017614052
4, 0, 2258970366
4, 0, 2236416848
0, 4, 1565917430
4, 0, 2207137345
4, 0, 2224747509
0, 4, 1999162258
0, 4, 2051674050
4, 0, 1989897759
0, 4, 2066644913
0, 4, 1559069628
0, 4, 1974960721
4, 0, 1988712392
0, 4, 2065365119
4, 0, 2058161693
0, 4, 1986194216
0, 4, 2177561747
0, 4, 2050282339
0, 4, 2001956856
0, 4, 1983049388
0, 4, 1573491609
4, 0, 2003229650
0, 4, 1880176718
0, 4, 1963463834
0, 4, 2014998696
0, 4, 2189369735
0, 4, 1881187433
4, 0, 2008244725
0, 4, 1675862988
4, 0, 1828024584
0, 4, 1991796239
0, 4, 1973365696
0, 4, 1994251292
0, 4, 1963998125
0, 4, 1997750311
0, 4, 2063489310
0, 4, 2190832846
4, 0, 1989741850
0, 4, 1556846687
0, 4, 1986134182
0, 4, 1881754375
0, 4, 1956246359
4, 0, 1991189594
0, 4, 2067998234
4, 0, 2301045935
0, 4, 2054796187
0, 4, 1468851257
4, 0, 2176601310
0, 4, 1956309909
0, 4, 1468527858
0, 4, 2012918070
4, 0, 2071744089
4, 0, 2175877402
4, 0, 2219444090
0, 4, 1980454888
4, 0, 2284423813
4, 0, 2054614330
0, 4, 2190114249
0, 4, 2007164150
0, 4, 1695846359
4, 0, 1834376893
4, 0, 1971059925
0, 4, 1833565153
0, 4, 1972329512
0, 4, 2178740543
4, 0, 2071089740
4, 0, 1793933209
0, 4, 1969716436
4, 0, 1677207746
4, 0, 1998190389
0, 4, 2049519636
0, 4, 1968749622
0, 4, 1879952416
0, 4, 2176601254
0, 4, 1677458774
0, 4, 2176361006
0, 4, 1553462868
0, 4, 1974381482
4, 0, 1684926912
0, 4, 2054009700
0, 4, 1986977043
0, 4, 2189397908
4, 0, 1693832636
0, 4, 1970997780
4, 0, 1971851239
4, 0, 2203886699
4, 0, 2175428540
4, 0, 2061553277
4, 0, 2215851889
4, 0, 1996192111
4, 0, 1969597259
4, 0, 2191684516
0, 4, 2053746919
4, 0, 1833580364
0, 4, 1468350990
0, 4, 2013899212
4, 0, 1825160765
0, 4, 2191885449
0, 4, 1684847803
0, 4, 2001167271
4, 0, 2057275827
0, 4, 1969765452
0, 4, 2000428122
0, 4, 2059083024
4, 0, 2222647885
0, 4, 2053166503
4, 0, 2060135199
4, 0, 2325312724
4, 0, 1556701241
0, 4, 1692098447
4, 0, 2252926615
0, 4, 1556607315
0, 4, 2174922351
4, 0, 2323064839
0, 4, 1835471828
0, 4, 2190173551
0, 4, 1992455857
4, 0, 2187066913
0, 4, 1551492312
0, 4, 1972542486
0, 4, 1986786468
4, 0, 1565388708
4, 0, 2063254988
0, 4, 2013536004
0, 4, 1468363696
0, 4, 2056953624
0, 4, 2003313756
0, 4, 1468323352
4, 0, 2245194939
0, 4, 2055538669
4, 0, 2185733470
0, 4, 1957457351
0, 4, 2055372342
0, 4, 2176162486
0, 4, 1975217477
4, 0, 2242745710
4, 0, 2246824825
0, 4, 1554166882
0, 4, 2002031791
0, 4, 1880235940
0, 4, 2190563824
0, 4, 2177803159
4, 0, 2225719175
4, 0, 1823706206
4, 0, 2046125025
0, 4, 1983309302
0, 4, 1553179492
4, 0, 2234539255
4, 0, 2179100892
0, 4, 2190223786
0, 4, 1967888081
0, 4, 1880633614
0, 4, 1557749160
4, 0, 2216862451
0, 4, 1983207574
0, 4, 2053489850
0, 4, 2054934949
0, 4, 2015051837
0, 4, 1880953624
0, 4, 1770548980
0, 4, 2002670646
4, 0, 1982360586
4, 0, 1982242800
0, 4, 1956953145
4, 0, 1880594299
0, 4, 2179083284
0, 4, 2000288735
0, 4, 1676131330
0, 4, 1976092811
0, 4, 1760006542
0, 4, 2064293547
0, 4, 2001120529
0, 4, 1998696896
4, 0, 1686791004
0, 4, 2189886186
4, 0, 2067114961
0, 4, 1574087957
0, 4, 1979174842
0, 4, 1693209039
0, 4, 1997539608
0, 4, 1978944438
4, 0, 2066940996
0, 4, 2052865551
0, 4, 1968636206
0, 4, 1973709193
0, 4, 1751988089
4, 0, 2001270228
0, 4, 1882320779
0, 4, 2190092725
0, 4, 1977004923
4, 0, 1563807026
0, 4, 2185733209
0, 4, 2014253638
4, 0, 1968355065
0, 4, 1989756576
0, 4, 2051161334
4, 0, 2248641047
0, 4, 1957446637
0, 4, 1974150548
0, 4, 1834516908
4, 0, 1975221731
4, 0, 1551901677
0, 4, 1972844391
4, 0, 1834855219
4, 0, 1564646271
4, 0, 2327268136
0, 4, 2175780490
4, 0, 2059340555
4, 0, 1972180784
0, 4, 1962630502
4, 0, 2241451480
0, 4, 2065958726
4, 0, 2231958499
0, 4, 2014691453
4, 0, 1794908642
4, 0, 2300593295
4, 0, 2182755682
0, 4, 2064396358
0, 4, 1967112655
0, 4, 1956072585
0, 4, 1932293682
0, 4, 1986070101
4, 0, 2069520832
4, 0, 2217729030
4, 0, 2228115989
4, 0, 2013707947
0, 4, 1558213818
0, 4, 2058247713
0, 4, 1979229344
0, 4, 1685031414
4, 0, 1980608730
0, 4, 1996876426
4, 0, 1564042329
0, 4, 1990023395
4, 0, 2177578071
0, 4, 1984072313
4, 0, 1968792376
4, 0, 2015089288
0, 4, 1753309879
0, 4, 1979334350
0, 4, 1977546931
4, 0, 2203432054
4, 0, 2328497702
0, 4, 1551427323
0, 4, 1989471755
0, 4, 2189927096
4, 0, 2048255466
4, 0, 2045117984
0, 4, 2000724077
4, 0, 2069781685
0, 4, 1979707739
0, 4, 1999984590
0, 4, 2052747849
0, 4, 1979707351
0, 4, 2193188315
0, 4, 1998571821
0, 4, 1978972341
4, 0, 2198197583
0, 4, 2002015528
0, 4, 2015905004
0, 4, 2052857472
0, 4, 1694091113
0, 4, 1982166633
0, 4, 2000916354
0, 4, 1795269197
0, 4, 1751288387
4, 0, 1970747712
4, 0, 1557235928
0, 4, 1965859633
4, 0, 1991270669
0, 4, 2177082624
4, 0, 1964794235
0, 4, 1977373463
0, 4, 1468222458
0, 4, 1982735412
0, 4, 1751500571
0, 4, 2072167754
0, 4, 2058658659
0, 4, 2066194789
0, 4, 1955950454
0, 4, 1988850388
4, 0, 1793218473
0, 4, 1997119782
0, 4, 2187837589
4, 0, 2231577178
0, 4, 2065074618
0, 4, 1969028205
4, 0, 2189294017
0, 4, 1956110647
4, 0, 1686083547
4, 0, 2178613651
4, 0, 2219283050
0, 4, 2064581221
0, 4, 1556796459
0, 4, 2057708867
0, 4, 1680849581
4, 0, 2236117841
0, 4, 1983863774
4, 0, 1833438069
4, 0, 2229679096
4, 0, 2215916546
0, 4, 2065768783
0, 4, 1970443605
4, 0, 2237044497
0, 4, 2069471178
0, 4, 2066736302
0, 4, 1677909760
0, 4, 1827731688
0, 4, 1960820458
0, 4, 2050434396
4, 0, 1564505451
4, 0, 2010644681
0, 4, 2009186739
0, 4, 2063654496
0, 4, 2000971940
4, 0, 2237351262
4, 0, 1966228071
4, 0, 1550842657
0, 4, 2176552420
0, 4, 1676369117
0, 4, 1977779735
0, 4, 1961551876
4, 0, 1961059288
4, 0, 2225776473
0, 4, 1970529558
0, 4, 1973518504
4, 0, 1678905446
4, 0, 2193804559
0, 4, 2053262335
0, 4, 1979714962
4, 0, 2257994682
0, 4, 1977006629
4, 0, 1974283568
0, 4, 1973435677
4, 0, 1991619818
0, 4, 2016176404
0, 4, 1978816189
0, 4, 1559129556
0, 4, 1976531261
0, 4, 1825241352
0, 4, 1932886859
0, 4, 1795317308
4, 0, 2203771666
4, 0, 1992703336
0, 4, 2063507332
0, 4, 1880748256
4, 0, 2218976263
0, 4, 2190925808
4, 0, 1556721843
0, 4, 2176699744
0, 4, 1677330082
4, 0, 2062438113
4, 0, 1755369839
4, 0, 2070167100
4, 0, 2254539294
4, 0, 2051012325
4, 0, 1983266668
0, 4, 1676972538
4, 0, 2183671424
4, 0, 1971042103
0, 4, 2052771439
0, 4, 1831295186
4, 0, 1960425693
0, 4, 1982770345
4, 0, 2001405085
0, 4, 2190750689
0, 4, 2003601108
0, 4, 2062448130
0, 4, 2050115199
0, 4, 2063954406
4, 0, 1687331308
0, 4, 1468788316
0, 4, 2012954587
0, 4, 1980668650
0, 4, 2070747966
4, 0, 1993027756
0, 4, 2018376280
4, 0, 2288117080
0, 4, 2174720611
0, 4, 1823015321
0, 4, 1983847117
0, 4, 1970197396
0, 4, 1969864914
4, 0, 1835870604
0, 4, 2190138194
0, 4, 1999081622
0, 4, 1969075187
4, 0, 1976639485
0, 4, 1985401668
0, 4, 1836133712
4, 0, 2015206815
4, 0, 1468545846
0, 4, 1991494451
0, 4, 1693118779
0, 4, 2189252616
4, 0, 1969275290
4, 0, 1972268661
0, 4, 1969767851
0, 4, 1679210263
0, 4, 2186648097
4, 0, 2246676433
0, 4, 1823539537
0, 4, 2039765546
0, 4, 1694401066
4, 0, 2323029499
0, 4, 2062447973
0, 4, 1975739142
4, 0, 1997063108
4, 0, 1880916014
0, 4, 2188451611
0, 4, 2184946842
0, 4, 1983775929
0, 4, 1558885636
0, 4, 1827731134
4, 0, 1966449859
0, 4, 1979360530
4, 0, 1468277616
4, 0, 2182903039
0, 4, 1967870016
0, 4, 2180956114
0, 4, 1995149256
0, 4, 2053316113
4, 0, 2264750741
4, 0, 2070108993
0, 4, 1693831043
0, 4, 1677187526
0, 4, 1989759757
4, 0, 2000628048
0, 4, 2001976060
4, 0, 1832353507
4, 0, 2197757258
0, 4, 2063718381
0, 4, 2051626532
4, 0, 2070619778
0, 4, 1754708424
0, 4, 1833814026
0, 4, 2044847206
4, 0, 2176647991
4, 0, 1977253941
0, 4, 1998959247
0, 4, 1989195577
0, 4, 1968849683
0, 4, 1793119103
0, 4, 2067434489
0, 4, 1468056000
4, 0, 2196894070
0, 4, 2189037295
4, 0, 1771132710
4, 0, 1564463278
4, 0, 1963649102
0, 4, 1980616407
0, 4, 2052120280
0, 4, 2002710750
4, 0, 2265386520
4, 0, 2051519880
0, 4, 1933223520
0, 4, 2045170678
0, 4, 2049461341
4, 0, 2205368898
0, 4, 1996336233
0, 4, 1970766326
4, 0, 2257633883
0, 4, 1827423272
0, 4, 1556986559
0, 4, 1961786273
4, 0, 2324404161
0, 4, 2190993571
0, 4, 2193031733
4, 0, 1684786657
0, 4, 1688818625
4, 0, 2240104081
0, 4, 1996257822
0, 4, 1558676679
0, 4, 2192082966
0, 4, 2051733249
0, 4, 2014458923
0, 4, 1994997850
0, 4, 1467823046
4, 0, 2015777146
0, 4, 2061365229
0, 4, 1988702663
4, 0, 1882086549
0, 4, 2188721684
0, 4, 2176113214
0, 4, 2054011000
0, 4, 2013932949
0, 4, 1826036855
0, 4, 2016283067
0, 4, 1996276529
4, 0, 2049930071
0, 4, 1687039845
0, 4, 2015667870
0, 4, 2002738271
4, 0, 2045198125
4, 0, 2062301651
4, 0, 2175423816
0, 4, 1557242756
4, 0, 2059300646
0, 4, 2011927964
0, 4, 1977579125
0, 4, 1880937071
4, 0, 2259289000
4, 0, 2257636084
0, 4, 1827778353
0, 4, 1558023873
0, 4, 1997678040
0, 4, 2047790779
4, 0, 2266689484
0, 4, 1573752902
0, 4, 1980017547
0, 4, 1996916724
4, 0, 2242519915
0, 4, 2051243390
4, 0, 2069937242
0, 4, 1968939086
0, 4, 2030755804
4, 0, 1965531224
4, 0, 2232218348
4, 0, 1558254605
4, 0, 1752220114
4, 0, 2180466414
0, 4, 1980745472
0, 4, 1563918914
4, 0, 2226826327
4, 0, 2005008598
4, 0, 2190089192
4, 0, 1974639885
0, 4, 2186675200
4, 0, 1563845255
4, 0, 2222797168
0, 4, 2188614048
4, 0, 1558066637
0, 4, 1827968565
0, 4, 1978309098
0, 4, 1557388067
0, 4, 2065697920
0, 4, 2061394960
4, 0, 2241035564
0, 4, 2188341779
0, 4, 2047856380
0, 4, 1984395758
4, 0, 1956176755
0, 4, 1973809367
0, 4, 1994828373
0, 4, 2072111426
0, 4, 1989824831
0, 4, 1978385104
0, 4, 1881208484
4, 0, 2188646582
4, 0, 2266118560
4, 0, 2007794059
0, 4, 1964546332
0, 4, 1976169665
0, 4, 2180749928
0, 4, 1933020610
4, 0, 2051007003
4, 0, 1969315147
0, 4, 1686468863
4, 0, 1982668299
0, 4, 1964937946
4, 0, 2241582160
4, 0, 2062512680
0, 4, 1956277054
0, 4, 1834651682
4, 0, 2008578916
4, 0, 2235746204
0, 4, 1965805651
0, 4, 1957357686
0, 4, 2181703292
0, 4, 2014990586
0, 4, 2188849060
0, 4, 1972897232
4, 0, 2248557458
4, 0, 1685694596
0, 4, 1770980190
0, 4, 1997048398
0, 4, 1880294252
0, 4, 2055997262
4, 0, 1990436133
4, 0, 2072202191
0, 4, 1978544281
0, 4, 2057690792
0, 4, 2061458016
0, 4, 1996536526
0, 4, 2184852607
4, 0, 2000761412
0, 4, 2002255385
0, 4, 2013096940
4, 0, 1985947398
4, 0, 2257715156
4, 0, 1556794166
0, 4, 1983570480
4, 0, 1974714908
4, 0, 1751460096
4, 0, 2183870615
4, 0, 2178801392
0, 4, 1824544773
4, 0, 2245770685
0, 4, 1979390778
4, 0, 2323801206
0, 4, 1977027067
0, 4, 1990969320
4, 0, 1986163450
0, 4, 2176926688
0, 4, 2064896422
0, 4, 1469814230
0, 4, 1971019281
0, 4, 1998433269
0, 4, 2067012796
0, 4, 1976303820
0, 4, 1553773447
4, 0, 2199031203
0, 4, 1692528269
0, 4, 2052447363
0, 4, 1880343469
4, 0, 2206436240
4, 0, 1881246469
0, 4, 2185145207
4, 0, 2066148319
0, 4, 2072190320
4, 0, 2259058791
4, 0, 1976288886
0, 4, 2068275388
0, 4, 1677055474
4, 0, 1881833457
4, 0, 1985140663
0, 4, 2055509594
4, 0, 1469315904
4, 0, 1880945920
4, 0, 1881926072
0, 4, 1793829089
0, 4, 2053176699
0, 4, 2001751028
0, 4, 2072188554
0, 4, 2000791379
0, 4, 1751953066
0, 4, 2052721607
4, 0, 1964246804
4, 0, 1963531079
0, 4, 2186362818
0, 4, 1984053105
4, 0, 1826057919
4, 0, 2176689182
0, 4, 1678265141
0, 4, 2190197218
4, 0, 2250397700
4, 0, 2216762051
0, 4, 2176056617
0, 4, 1999020740
4, 0, 1826451189
0, 4, 1965563541
0, 4, 1823818049
0, 4, 1976151999
4, 0, 2257613783
0, 4, 1835247689
0, 4, 1882162648
0, 4, 1824730263
0, 4, 1990602310
4, 0, 1967331972
0, 4, 2066029664
0, 4, 1688114114
4, 0, 1795501115
4, 0, 2214503946
0, 4, 2177484548
4, 0, 1793224145
0, 4, 1998672713
0, 4, 2013497957
0, 4, 1883642226
4, 0, 1971145930
0, 4, 2062315843
0, 4, 1992560349
0, 4, 2015338603
4, 0, 2221074235
0, 4, 2062501982
0, 4, 2063279152
4, 0, 2255261821
4, 0, 2069989234
4, 0, 2178641402
0, 4, 1986006253
4, 0, 1822461923
4, 0, 2001641687
4, 0, 1792352669
4, 0, 2263089155
4, 0, 2232162007
0, 4, 2052596834
4, 0, 2057818739
0, 4, 1984847555
0, 4, 1468022154
0, 4, 1979082890
0, 4, 1970664050
4, 0, 1553518897
0, 4, 1956515858
4, 0, 1827860065
0, 4, 1984968426
4, 0, 2182877447
0, 4, 1836226421
0, 4, 2031180864
0, 4, 2049284937
4, 0, 2054482218
0, 4, 2061198652
0, 4, 1469504022
4, 0, 1824970227
4, 0, 1963408939
4, 0, 2001391684
0, 4, 2186315852
0, 4, 1752773617
4, 0, 2217247226
4, 0, 2213586628
0, 4, 2050829441
4, 0, 1977727103
4, 0, 2186073054
0, 4, 1564503761
4, 0, 2263875760
0, 4, 2062303571
4, 0, 1468141439
0, 4, 1975311014
0, 4, 2193029793
4, 0, 1968808631
0, 4, 2017015076
0, 4, 1996216128
4, 0, 1990297488
4, 0, 2209360951
4, 0, 1990849423
4, 0, 1974017254
0, 4, 1970792485
0, 4, 1994828726
0, 4, 1553240921
0, 4, 2184740687
0, 4, 2071480203
0, 4, 2052551115
4, 0, 1976309034
4, 0, 2325554288
4, 0, 2220730856
0, 4, 2068965661
4, 0, 2328464256
4, 0, 2328738402
0, 4, 1968025577
0, 4, 2052719106
4, 0, 2001034271
0, 4, 1977093664
0, 4, 2052907212
4, 0, 2237194969
0, 4, 2001577743
0, 4, 1975629391
4, 0, 2216667714
4, 0, 1792887601
0, 4, 1881275480
0, 4, 2055072550
0, 4, 1677426682
4, 0, 1826996660
4, 0, 2254191261
0, 4, 2063080732
0, 4, 2178933785
0, 4, 2193453250
4, 0, 2288758190
0, 4, 2063857603
0, 4, 1997330783
0, 4, 1792667737
4, 0, 2249525114
0, 4, 1989903419
0, 4, 1967060734
0, 4, 2061904935
0, 4, 1681138808
4, 0, 2052822329
0, 4, 2187880655
0, 4, 1823122006
4, 0, 1996478583
4, 0, 2187565713
0, 4, 1676784475
0, 4, 2064926375
0, 4, 2044694964
0, 4, 1933174799
0, 4, 1563513464
4, 0, 1795267023
4, 0, 1770739238
0, 4, 2061698312
4, 0, 2190671657
4, 0, 2048792412
0, 4, 1976531735
0, 4, 2050320354
4, 0, 2328965183
4, 0, 2244574497
0, 4, 2175040513
0, 4, 2016976610
0, 4, 2066463494
4, 0, 2017326992
0, 4, 2189126303
0, 4, 2064594138
4, 0, 1573520649
4, 0, 1965698138
4, 0, 2044616887
0, 4, 1997540025
0, 4, 2055401830
4, 0, 2014720087
0, 4, 1983970733
4, 0, 2235393425
4, 0, 2221401435
0, 4, 2064939807
0, 4, 2064302992
4, 0, 1881019472
0, 4, 2175838811
4, 0, 1955947421
4, 0, 2059288110
0, 4, 1559677492
0, 4, 1962798803
0, 4, 1827705794
4, 0, 1985196593
4, 0, 2174809480
4, 0, 1998344327
0, 4, 1834355575
0, 4, 2013470451
0, 4, 2015722464
0, 4, 2002830925
4, 0, 2014908428
0, 4, 1995851607
0, 4, 2003129899
0, 4, 1573579796
4, 0, 1835735740
0, 4, 1678052959
4, 0, 2186549606
0, 4, 1794909438
4, 0, 2061105059
0, 4, 1971017104
4, 0, 2236545869
0, 4, 1980311345
4, 0, 2182503610
0, 4, 2061541501
4, 0, 1957015475
4, 0, 2254069481
4, 0, 1751609715
0, 4, 2178122491
0, 4, 2002418829
0, 4, 2068817613
4, 0, 2193975180
4, 0, 2251696988
0, 4, 1677579918
0, 4, 1468956216
0, 4, 2055402827
0, 4, 1551618899
0, 4, 1792325654
4, 0, 2266708551
0, 4, 2063383383
4, 0, 1564539484
4, 0, 2247364141
0, 4, 1986763416
4, 0, 2189823422
4, 0, 1992501732
0, 4, 1687184919
0, 4, 2057674039
0, 4, 1970370261
4, 0, 1835149415
0, 4, 2071244554
0, 4, 2058043241
0, 4, 2014825212
4, 0, 2062211188
0, 4, 2059232262
0, 4, 2052173376
0, 4, 1956687021
0, 4, 2190362980
4, 0, 1995882826
0, 4, 2182890128
0, 4, 1995192416
0, 4, 2064646285
0, 4, 1976258068
0, 4, 2053472109
0, 4, 1881993221
0, 4, 1824182353
0, 4, 1967005106
4, 0, 2057326345
0, 4, 2015336491
0, 4, 1824246100
0, 4, 1880693074
0, 4, 1687662815
0, 4, 2192792844
0, 4, 1834663105
4, 0, 2039678872
4, 0, 2052280715
4, 0, 2248387591
0, 4, 1563796454
0, 4, 2032695643
4, 0, 1932857872
0, 4, 2191003412
0, 4, 1835548598
0, 4, 1972472818
0, 4, 2015053056
0, 4, 1957669592
0, 4, 2175736042
0, 4, 1978873271
4, 0, 2227763004
4, 0, 2044050625
4, 0, 2056748199
0, 4, 1990670887
4, 0, 2244282603
0, 4, 1824203706
0, 4, 1971109316
0, 4, 1557616264
0, 4, 1968023841
0, 4, 2189629115
4, 0, 2251176695
0, 4, 1985314329
4, 0, 2215441425
0, 4, 1992313668
4, 0, 2204406702
4, 0, 2261670244
0, 4, 1972987530
0, 4, 1961113314
0, 4, 1551747064
0, 4, 1827939149
4, 0, 2254622816
0, 4, 1983970305
0, 4, 1692216922
0, 4, 1966946892
0, 4, 2071795540
0, 4, 2180548126
4, 0, 1985093681
0, 4, 1685006271
4, 0, 1994400912
4, 0, 1976905800
4, 0, 2286743671
0, 4, 1970470700
0, 4, 2069604944
4, 0, 2236624898
0, 4, 1988807719
0, 4, 1971194864
0, 4, 2053132095
4, 0, 1967088309
4, 0, 1967592527
0, 4, 2001771572
4, 0, 1770971104
0, 4, 2033595822
4, 0, 2218317947
0, 4, 1962939981
0, 4, 1998085972
0, 4, 2176448403
0, 4, 2062657613
0, 4, 2192247079
0, 4, 1880771065
4, 0, 1998665646
0, 4, 1981438938
0, 4, 1993728824
4, 0, 2202655665
0, 4, 1793437471
4, 0, 1882260940
4, 0, 1573194907
4, 0, 1676579153
4, 0, 2248694994
4, 0, 2201952854
0, 4, 2004972457
4, 0, 1691119156
4, 0, 1982515630
4, 0, 2052983359
0, 4, 2048412737
4, 0, 2234147989
4, 0, 2176742615
4, 0, 2181915988
0, 4, 1992456581
0, 4, 1981279182
4, 0, 1823841605
0, 4, 1556723578
0, 4, 2044895873
4, 0, 2229835356
4, 0, 2013557645
0, 4, 1972294343
4, 0, 2205130273
0, 4, 1998393397
4, 0, 2065732211
0, 4, 1997400814
0, 4, 2189296222
0, 4, 1548499336
4, 0, 2327292073
0, 4, 1968334920
0, 4, 1961152410
4, 0, 2191568868
0, 4, 2063838944
0, 4, 1677686886
0, 4, 1834375554
4, 0, 2045149945
0, 4, 2184043052
4, 0, 2219152819
4, 0, 2190389369
0, 4, 2067453180
0, 4, 1694954454
4, 0, 2324491801
4, 0, 2056236919
0, 4, 1995592533
4, 0, 2242235405
0, 4, 1750929842
4, 0, 1822358341
4, 0, 2062618897
4, 0, 2221152519
0, 4, 1551745647
0, 4, 1961767016
4, 0, 2218978291
0, 4, 1694835175
4, 0, 1974163980
0, 4, 2179605004
0, 4, 1880755293
4, 0, 2266438643
0, 4, 2066046726
4, 0, 1988771138
4, 0, 1985132677
4, 0, 1551331383
0, 4, 2006965930
4, 0, 1970432147
0, 4, 1990051361
0, 4, 1979007194
0, 4, 1694203788
0, 4, 2014036262
0, 4, 1881929786
0, 4, 1824486288
0, 4, 1470184592
4, 0, 1970540894
4, 0, 1692812547
0, 4, 2069863475
0, 4, 1963243460
0, 4, 1690978029
4, 0, 2254997619
4, 0, 2226437137
0, 4, 1988736262
4, 0, 2001464772
0, 4, 1961552457
0, 4, 2052260949
4, 0, 2218674847
0, 4, 1971873550
0, 4, 2067586792
0, 4, 1880017546
0, 4, 1975939493
4, 0, 1833609162
0, 4, 1997425873
0, 4, 1791601875
0, 4, 2055166769
0, 4, 1686267004
0, 4, 2000827514
0, 4, 2032749464
0, 4, 2051122165
0, 4, 1796857377
0, 4, 2001437337
0, 4, 1993120594
0, 4, 1990550287
4, 0, 1983703186
0, 4, 1823541633
0, 4, 2062797552
4, 0, 2062462844
0, 4, 1677133500
0, 4, 1980552206
0, 4, 1827846187
4, 0, 1986299173
0, 4, 1573511997
4, 0, 2052406333
4, 0, 1963228517
4, 0, 1755181321
4, 0, 1997311699
4, 0, 1573359893
4, 0, 1975974650
0, 4, 1827074878
4, 0, 2070721343
4, 0, 2046495568
4, 0, 2175847582
4, 0, 1956084055
0, 4, 1836117517
0, 4, 1985400868
4, 0, 1693570707
4, 0, 1970907096
4, 0, 2177742119
0, 4, 2179031720
0, 4, 2064532032
0, 4, 2053946844
0, 4, 1978778675
0, 4, 1979452186
0, 4, 2003312248
4, 0, 1932894075
0, 4, 2014023325
4, 0, 1754318478
4, 0, 1823711653
0, 4, 2048283830
4, 0, 1979930698
0, 4, 1979058240
0, 4, 2060099871
0, 4, 2016399431
4, 0, 2054003614
4, 0, 2263316622
4, 0, 1976254214
0, 4, 2064458132
0, 4, 2187819408
4, 0, 2198581070
4, 0, 2249434032
4, 0, 1973600281
0, 4, 2189109608
4, 0, 2324610918
4, 0, 2069097190
0, 4, 1998956190
0, 4, 2174660802
4, 0, 2012552114
0, 4, 1970409553
0, 4, 1976972661
4, 0, 2225438104
0, 4, 1833647435
0, 4, 2002777609
0, 4, 2065103968
4, 0, 1824425910
4, 0, 2300697824
0, 4, 1971231329
4, 0, 1970650501
0, 4, 1982906648
0, 4, 1970419886
0, 4, 1990953879
0, 4, 2060786815
0, 4, 2059648459
0, 4, 2063684549
4, 0, 1974764010
4, 0, 1957738949
0, 4, 2169458775
0, 4, 2049365035
0, 4, 2056371849
0, 4, 2053816641
0, 4, 1957542093
4, 0, 2191959318
0, 4, 1990682302
4, 0, 2200144904
0, 4, 2060000387
4, 0, 2069714220
4, 0, 1469332239
0, 4, 2004452778
0, 4, 1984816341
0, 4, 1833802829
4, 0, 2180441515
0, 4, 1833994033
4, 0, 1564105972
0, 4, 2185241564
0, 4, 1882466664
4, 0, 1978859180
4, 0, 2175447381
0, 4, 2063033821
0, 4, 1958097406
4, 0, 2052248308
0, 4, 2057064406
0, 4, 2055323546
0, 4, 2017684590
4, 0, 2326044507
0, 4, 2070152475
4, 0, 1794214082
0, 4, 2057993029
0, 4, 2189784403
0, 4, 2012723809
0, 4, 2183123669
0, 4, 1677809658
0, 4, 1557556783
0, 4, 1976799764
0, 4, 2182498321
0, 4, 1835020234
4, 0, 2199660687
4, 0, 2064768311
0, 4, 2063305112
0, 4, 1956057911
0, 4, 1983433495
0, 4, 2064271818
0, 4, 2001030096
0, 4, 1678944638
0, 4, 2058518347
4, 0, 1836173778
4, 0, 1980822577
4, 0, 2199456316
4, 0, 2242054790
0, 4, 2062635612
0, 4, 2053395961
0, 4, 2000709333
0, 4, 1961593466
0, 4, 1563867822
4, 0, 1962935019
0, 4, 1982958391
4, 0, 2199901832
4, 0, 1993985091
0, 4, 1973400421
0, 4, 1975233353
4, 0, 1759615612
0, 4, 2044930613
0, 4, 2071283443
0, 4, 2067939553
4, 0, 2213754758
4, 0, 1971281681
0, 4, 1825067071
4, 0, 2222998822
0, 4, 1558396092
4, 0, 1978619890
0, 4, 2066047292
4, 0, 2245372308
0, 4, 1564038345
4, 0, 2260640301
0, 4, 2177409655
0, 4, 2003263095
0, 4, 1833011400
4, 0, 2018499466
0, 4, 1468269115
0, 4, 2002298070
0, 4, 1828076023
4, 0, 2175051933
4, 0, 1573512862
4, 0, 1824261936
0, 4, 2189151970
0, 4, 1996954921
0, 4, 1991478224
0, 4, 1883057960
0, 4, 1983344934
4, 0, 2176031149
4, 0, 2062354960
4, 0, 2201302800
0, 4, 1985101337
0, 4, 2063487927
0, 4, 1754262621
4, 0, 2174502244
0, 4, 2058177928
4, 0, 2174757151
0, 4, 1976548038
0, 4, 1976778499
0, 4, 1998229914
0, 4, 2055118356
4, 0, 2071430605
4, 0, 2066881947
0, 4, 2012032043
4, 0, 1825339978
0, 4, 1880522469
0, 4, 1932481527
0, 4, 1977080525
4, 0, 2264458944
0, 4, 1969880633
4, 0, 2059994159
0, 4, 2014753901
0, 4, 2059202007
0, 4, 1755315486
0, 4, 2050903956
0, 4, 2048577265
0, 4, 2184298618
4, 0, 2203281875
0, 4, 2057296801
4, 0, 1564644828
4, 0, 2054174641
0, 4, 1792917517
0, 4, 2015050080
0, 4, 1677093740
0, 4, 1880808948
4, 0, 1557089018
4, 0, 1822828419
0, 4, 2063670534
0, 4, 1984733349
4, 0, 1967098968
4, 0, 1557127519
4, 0, 2325232813
0, 4, 1827780611
0, 4, 1755708109
4, 0, 2217395123
4, 0, 1686920875
4, 0, 1994431534
4, 0, 1678752734
0, 4, 1980868582
0, 4, 1990224474
0, 4, 1969916943
0, 4, 1563718962
0, 4, 2184761765
4, 0, 1557999746
0, 4, 1978448943
0, 4, 2188751676
4, 0, 2192050550
0, 4, 1573385524
0, 4, 1564855103
0, 4, 1880524090
0, 4, 1882146601
0, 4, 2066609185
0, 4, 1984518086
0, 4, 2065508449
4, 0, 1563766071
4, 0, 2209575792
4, 0, 1759122182
0, 4, 1685030594
4, 0, 2259537901
4, 0, 2235034671
0, 4, 2055619526
0, 4, 1983589353
0, 4, 1990936376
0, 4, 1833380117
0, 4, 1983085431
0, 4, 1881451798
4, 0, 2235136977
4, 0, 1983327129
0, 4, 1754024315
4, 0, 1686980690
0, 4, 2179106603
0, 4, 1994699758
4, 0, 2055633748
4, 0, 2218494727
4, 0, 1759968274
0, 4, 1997462948
4, 0, 2048285610
0, 4, 1990906642
0, 4, 1969405420
0, 4, 1684927674
4, 0, 2299697792
4, 0, 2298574717
4, 0, 2072437483
0, 4, 1557632526
0, 4, 1961292123
4, 0, 1985629149
4, 0, 2200214007
4, 0, 1553301492
0, 4, 2001666523
4, 0, 1826522063
0, 4, 1956341748
4, 0, 2264047054
0, 4, 1688008805
0, 4, 2004685835
0, 4, 2047296930
0, 4, 2059699785
4, 0, 2050405413
0, 4, 2064435359
4, 0, 2070289236
0, 4, 1989970487
0, 4, 2185286666
4, 0, 1989295103
4, 0, 2001756320
0, 4, 1992229457
4, 0, 1759492926
4, 0, 1962702878
0, 4, 1957690280
4, 0, 2215070867
0, 4, 2053451192
4, 0, 2015133678
4, 0, 1692524148
0, 4, 1967006062
0, 4, 1556590682
0, 4, 1967115595
0, 4, 2182197760
0, 4, 1573769994
0, 4, 2177843764
0, 4, 2189864384
4, 0, 2068738817
0, 4, 1965619672
0, 4, 2175587142
0, 4, 2175873308
0, 4, 2012722962
0, 4, 1978393108
4, 0, 2263865121
4, 0, 2204637855
0, 4, 2053801687
0, 4, 1932668100
4, 0, 2237294763
4, 0, 1998559652
4, 0, 2055787284
4, 0, 2325219425
0, 4, 2178232307
0, 4, 2046822666
4, 0, 2060643546
4, 0, 2215243571
0, 4, 1751503363
0, 4, 1557615461
0, 4, 1983950254
4, 0, 2233071034
0, 4, 1969791643
4, 0, 2175354464
0, 4, 1992687023
0, 4, 2187323507
0, 4, 1574066553
4, 0, 2013760796
0, 4, 1973879330
0, 4, 1970309195
4, 0, 1976102785
0, 4, 2014157168
4, 0, 2199471542
0, 4, 1690943538
4, 0, 1997064547
4, 0, 1685363424
4, 0, 2198902763
0, 4, 1985892780
4, 0, 1882404021
0, 4, 2013288726
0, 4, 2061848594
0, 4, 1564299252
4, 0, 2301835859
0, 4, 2060890607
4, 0, 2213709266
0, 4, 1563736537
0, 4, 2000351448
4, 0, 2220756806
0, 4, 2001525830
0, 4, 2054047875
0, 4, 2188228092
4, 0, 2238002726
0, 4, 1984935450
0, 4, 1996595845
0, 4, 2014317083
0, 4, 1563796075
0, 4, 1989757455
0, 4, 1676872434
0, 4, 1957123386
4, 0, 1469783570
0, 4, 1881140267
0, 4, 2051242290
4, 0, 1564363153
4, 0, 2016399404
4, 0, 2071470642
0, 4, 1992111362
0, 4, 1969634390
0, 4, 1989682931
0, 4, 2051870101
0, 4, 2070408517
0, 4, 2063589457
4, 0, 2066260331
0, 4, 1834747953
4, 0, 2235278370
